   0.0000000e+00   4.7761921e+01
   5.0000000e-01   4.7963342e+01
   1.0000000e+00   4.2426845e+01
   1.5000000e+00   3.6325598e+01
   2.0000000e+00   3.3956597e+01
   2.5000000e+00   3.2060765e+01
   3.0000000e+00   3.0737080e+01
   3.5000000e+00   2.8115165e+01
   4.0000000e+00   2.3337667e+01
   4.5000000e+00   2.3498985e+01
   5.0000000e+00   2.1443704e+01
   5.5000000e+00   1.8546230e+01
   6.0000000e+00   1.7591620e+01
   6.5000000e+00   1.4851467e+01
   7.0000000e+00   1.4049545e+01
   7.5000000e+00   1.3608665e+01
   8.0000000e+00   1.2261780e+01
   8.5000000e+00   1.1423762e+01
   9.0000000e+00   1.0079860e+01
   9.5000000e+00   8.5394464e+00
   1.0000000e+01   8.6112085e+00
   1.0500000e+01   7.9469753e+00
   1.1000000e+01   7.0515288e+00
   1.1500000e+01   6.5044279e+00
   1.2000000e+01   5.9344917e+00
   1.2500000e+01   5.2018061e+00
   1.3000000e+01   4.9062428e+00
   1.3500000e+01   4.2281555e+00
   1.4000000e+01   4.1224507e+00
   1.4500000e+01   3.4701684e+00
   1.5000000e+01   3.2703236e+00
   1.5500000e+01   2.9038125e+00
   1.6000000e+01   2.6710487e+00
   1.6500000e+01   2.6647323e+00
   1.7000000e+01   2.3991952e+00
   1.7500000e+01   2.0955803e+00
   1.8000000e+01   2.0639894e+00
   1.8500000e+01   1.6896735e+00
   1.9000000e+01   1.6235988e+00
   1.9500000e+01   1.4735995e+00
   2.0000000e+01   1.4097156e+00
